9346582743916825
4829601374650793
5978203641982059
2103847569297411
7432861093589274
8124365702128937
3592804682574932
6074923419801568
9182736454086723
5479302815624598
3765812940376905
7025491834762920
3816940724912806
2541975836900741
4379012560489327
1825367098724159
8473915624780234
2946578304597103
9217684053948172
6790241836570924
5632987100485163
1103406987129250
7984132075914635
2256498720694932
9048625140782939
6597829452134706
3170658902394857
8714923067856174
5483720196047582
6901874298756342
7924576113940861
4432176902185420
2389074269413518
9514307265820493
3425601478906795
7763295104052183
8796531102974551
1926410854295037
5209472637086044
1667832950420784
6719347258303490
1047863285031199
9403612961892745
3087724902539253
8386237591746792
5287448365914730
4230617089345761
7412839629051759
6985464302376890
5698432090746202
9135628937641927
3742985078265420
7459182304056147
6890432251934781
9207381942678356
2957834689154092
3847159206735684
5071643798120634
2803915425607021
5438972137691428
7569904824719152
1874069280537124
2047589203917483
3516947206827432
9260458132784064
6163409780512587
